ID	Stratum	Region	Reference
1	1	AFR	0
2	1	AUS	0
3	1	NAM	0
4	1	LAM	0
5	1	EUR	0
6	1	SEAS	0.000100168
7	1	NAM	0
8	1	AFR	0
9	1	AFR	2.96093E-05
10	1	AFR	0
11	1	NEAS	0
12	1	NEAS	0
13	1	LAM	0
14	1	SEAS	0
15	1	NAM	0
16	1	AUS	0
17	1	NEAS	0
18	1	NEAS	0
19	1	LAM	0
20	1	NAM	0
21	1	NEAS	0
22	1	AFR	0
23	1	NEAS	0
24	1	AFR	0
25	1	AFR	0
26	1	NEAS	0
27	1	NAM	0
28	1	AFR	0
29	1	SEAS	0
30	1	NEAS	0
31	1	LAM	0
32	1	NEAS	0
33	1	SEAS	0
34	1	NAM	0
35	1	AFR	0
36	1	NEAS	0
37	1	NEAS	0
38	1	AUS	0
39	1	NEAS	0
40	1	LAM	0.000263673
41	1	NAM	0
42	1	NAM	0
43	1	NEAS	0
44	1	NAM	0
45	1	AUS	0
46	1	AUS	0
47	1	NAM	0
48	1	NEAS	0
49	1	NAM	0
50	1	NEAS	0
51	2	LAM	0
52	2	LAM	0.004921368
53	2	AFR	0
54	2	AFR	0
55	2	LAM	0
56	2	LAM	0.000171821
57	2	SEAS	0.001966066
58	2	NAM	0
59	2	AFR	0
60	2	NEAS	0
61	2	NEAS	0
62	2	AUS	0
63	2	NEAS	0
64	2	LAM	0.000166358
65	2	SEAS	0
66	2	LAM	0.000547281
67	2	LAM	0
68	2	AFR	0
69	2	NEAS	0
70	2	NEAS	0
71	2	SEAS	0
72	2	AUS	0
73	2	NAM	0
74	2	LAM	0
75	2	AUS	0
76	2	NEAS	0
77	2	NAM	0.000397359
78	2	SEAS	0.000476359
79	2	NEAS	0
80	2	NEAS	0
81	2	LAM	0.000573051
82	2	SEAS	0
83	2	SEAS	0
84	2	NEAS	0
85	2	NAM	0
86	2	LAM	0
87	2	AUS	0
88	2	AUS	2.31023E-05
89	2	NAM	0
90	2	NAM	0
91	2	SEAS	0
92	2	LAM	0
93	2	NEAS	0
94	2	SEAS	0
95	2	NEAS	0
96	2	LAM	0
97	2	LAM	0
98	2	EUR	0
99	2	LAM	0.001766304
100	2	NEAS	0.000944952
101	3	SEAS	0.010992945
102	3	LAM	0.004379581
103	3	NAM	0.000633377
104	3	SEAS	0.000822627
105	3	NAM	0
106	3	NEAS	0
107	3	LAM	0.001345435
108	3	EUR	0.001312007
109	3	NAM	0
110	3	SEAS	0.02666114
111	3	NEAS	0.001942929
112	3	AUS	0.009725352
113	3	AFR	0.000632058
114	3	LAM	0
115	3	LAM	0.000529304
116	3	NEAS	0
117	3	LAM	0.001408025
118	3	NAM	0.000306667
119	3	SEAS	0.005241329
120	3	LAM	0.015483025
121	3	SEAS	0.070719767
122	3	NAM	0.000990905
123	3	EUR	0.000350088
124	3	SEAS	5.85264E-05
125	3	AFR	0.00345177
126	3	LAM	0.000116329
127	3	SEAS	0.016423148
128	3	NAM	0
129	3	LAM	0.01094744
130	3	AFR	0.001111365
131	3	AFR	0.005958937
132	3	EUR	0.000209462
133	3	AFR	0.004082099
134	3	NAM	3.38346E-05
135	3	LAM	0.018480864
136	3	NEAS	0.002310791
137	3	AUS	0.009430859
138	3	AUS	0.000894444
139	3	LAM	0
140	3	LAM	0.002065412
141	3	NEAS	6.06695E-05
142	3	NAM	0.00386876
143	3	AFR	0.007685494
144	3	LAM	0.00554512
145	3	NAM	0
146	3	SEAS	0.000820826
147	3	AFR	0
148	3	AFR	0.010337037
149	3	NEAS	0
150	3	EUR	0.000495196
151	3	AFR	0.00956016
152	3	NEAS	0.001480741
153	3	SEAS	0.014479938
154	3	NEAS	0
155	3	EUR	0.002932863
156	3	AFR	0.003855379
157	3	AFR	5.17544E-05
158	3	EUR	0.000610892
159	3	LAM	0
160	3	SEAS	0.007549074
161	3	AUS	0
162	3	NAM	0.019963043
163	3	LAM	0.00099202
164	3	NEAS	0.009731053
165	3	LAM	0.014859568
166	3	EUR	0.003689308
167	3	NAM	0.00383642
168	3	AUS	0
169	3	NAM	3.03936E-05
170	3	AFR	0.012293176
171	3	NAM	4.99419E-05
172	3	AFR	0.001911602
173	3	NEAS	0
174	3	AFR	0.005212811
175	3	EUR	0.007779658
176	3	SEAS	0.000271639
177	3	AFR	0
178	3	NEAS	0.002505698
179	3	AFR	0.001713587
180	3	NAM	0.005040828
181	3	EUR	0.000495052
182	3	NAM	4.31034E-06
183	3	LAM	0
184	3	LAM	0
185	3	LAM	0.003637116
186	3	LAM	0.000936157
187	3	NAM	0
188	3	NAM	0
189	3	NEAS	0.016712302
190	3	EUR	0.018284934
191	3	LAM	0
192	3	AFR	0.013326235
193	3	LAM	0.014244753
194	3	SEAS	0.003461728
195	3	LAM	0.006060254
196	3	AFR	0.001857928
197	3	LAM	0.000201352
198	3	AFR	0.001247076
199	3	AUS	0.001981074
200	3	AFR	0.000514572
201	3	SEAS	0.000676852
202	3	SEAS	0.010795322
203	3	NAM	0.013300106
204	3	AFR	0.007166965
205	3	NAM	0.000240472
206	3	EUR	0.000243319
207	3	LAM	0.001300672
208	3	NAM	0.005828909
209	3	SEAS	0.000713768
210	3	LAM	0.002133951
211	3	NEAS	0.00103495
212	3	NEAS	0.001498858
213	3	NAM	0
214	3	AFR	0.000606087
215	3	NAM	0
216	3	AUS	0
217	3	NEAS	0
218	3	AFR	0.002580556
219	3	NEAS	0.007143925
220	3	EUR	0.0139708
221	3	NAM	0.000893827
222	3	SEAS	0
223	3	EUR	0.000625115
224	3	LAM	0.01132716
225	3	SEAS	0.000416206
226	3	NEAS	0
227	3	AFR	3.20048E-05
228	3	LAM	0.003761817
229	3	NEAS	0.000637789
230	3	SEAS	0.005592284
231	3	SEAS	0.102989506
232	3	LAM	0.001506944
233	3	LAM	0.001160494
234	3	NEAS	0.009415911
235	3	AFR	8.63527E-05
236	3	LAM	0.01114321
237	3	LAM	0.005117901
238	3	NEAS	0.00112334
239	3	SEAS	0.00022744
240	3	EUR	0.000592152
241	3	EUR	0.000117234
242	3	LAM	0.001294249
243	3	AFR	0.002379321
244	3	SEAS	0.028737621
245	3	EUR	0.007925725
246	3	NAM	0
247	3	AFR	0.002370988
248	3	AFR	0.00604784
249	3	AUS	6.87135E-05
250	3	AFR	0.003241044
251	3	LAM	0.000400859
252	3	LAM	0.011632164
253	3	AFR	0.000131258
254	3	SEAS	0.003869184
255	3	EUR	6.12121E-05
256	3	LAM	0.008199643
257	3	NEAS	0.01264966
258	3	LAM	0.0014276
259	3	LAM	0.018197811
260	3	LAM	0.020666138
261	3	LAM	0.004072194
262	3	LAM	0
263	3	LAM	0
264	3	LAM	0.009475473
265	3	EUR	0.001521505
266	3	NEAS	0
267	3	LAM	0.028879374
268	3	EUR	0.001483982
269	3	NAM	0.000425682
270	3	SEAS	0.009076183
271	3	EUR	0.004024113
272	3	LAM	0.017889483
273	3	AFR	0.000900617
274	3	AFR	0
275	3	NAM	0.001958554
276	3	SEAS	0.020814815
277	3	NEAS	0
278	3	AFR	0.011245902
279	3	EUR	0.000376749
280	3	AFR	0.004359774
281	3	AFR	0
282	3	AFR	0.017674908
283	3	NAM	0.001803846
284	3	SEAS	0.001079321
285	3	AFR	0.024404236
286	3	LAM	0.008028083
287	3	EUR	0.000484848
288	3	NEAS	0
289	3	LAM	0.025398429
290	3	LAM	0
291	3	EUR	0.002279714
292	3	EUR	0.000411439
293	3	NEAS	0.002829464
294	3	NAM	0
295	3	LAM	0.010690301
296	3	EUR	0
297	3	LAM	0
298	3	LAM	4.41358E-05
299	3	NEAS	0.002849492
300	3	NEAS	0
301	3	AFR	0.004272867
302	3	LAM	0.003722222
303	3	NEAS	0.001597037
304	3	LAM	0
305	3	EUR	0.008182259
306	3	NAM	0
307	3	AFR	0.014243613
308	3	NAM	0.019659722
309	3	NAM	0.000929487
310	3	AFR	0
311	3	LAM	0.000254902
312	3	LAM	0.001694444
313	3	LAM	0
314	3	AFR	0
315	3	AFR	0.00014072
316	3	AFR	0
317	3	NEAS	0.025969931
318	3	LAM	0.00187
319	3	NAM	0
320	3	NEAS	0
321	3	LAM	0.003213904
322	3	NEAS	0.001212653
323	3	LAM	0.000748634
324	3	NEAS	0.00373531
325	3	AFR	0.002397483
326	3	LAM	0.000726404
327	3	LAM	0.020859017
328	3	LAM	0.000345238
329	3	LAM	0.006552486
330	3	AFR	0.004000309
331	3	LAM	0.001687198
332	3	NAM	0.000834552
333	3	SEAS	0.002983951
334	3	NEAS	0.000312848
335	3	LAM	0.002110514
336	3	NAM	0
337	3	AFR	0
338	3	LAM	0.000115407
339	3	AFR	0
340	3	AFR	0
341	3	NAM	0.049631971
342	3	NEAS	0.000631111
343	3	EUR	0.000568072
344	3	NAM	0.003816434
345	3	SEAS	4.10628E-05
346	3	NEAS	0.002567703
347	3	AFR	0.018648765
348	3	AFR	0.008445062
349	3	NAM	0.000452915
350	3	NAM	0.00186273
351	3	NAM	0.003751231
352	3	SEAS	0.003649691
353	3	NEAS	0.000130471
354	3	AFR	0
355	3	EUR	0
356	3	AUS	2.62487E-05
357	3	NEAS	0.002917852
358	3	LAM	0.007966312
359	3	AFR	0.00098642
360	3	NAM	0.000127958
361	3	AFR	0.001061111
362	3	LAM	0
363	3	AFR	0.013273765
364	4	NAM	0.046915064
365	4	AFR	0.025853704
366	4	NAM	0.021965702
367	4	SEAS	0.026539815
368	4	NEAS	0.097767677
369	4	NEAS	0.065678922
370	4	NAM	0.043371023
371	4	AFR	0.046358333
372	4	AFR	0.092040823
373	4	NAM	0.025611638
374	4	AFR	0.041417434
375	4	LAM	0
376	4	AFR	0.029
377	4	AFR	0.027781768
378	4	SEAS	0.104746881
379	4	AFR	0.051623955
380	4	AFR	0.010182065
381	4	NEAS	0.018109162
382	4	AFR	0.060433088
383	4	AFR	0.113039072
384	4	LAM	0.039329983
385	4	LAM	0.17759188
386	4	AFR	0.040841049
387	4	LAM	0.206776077
388	4	NEAS	0.011965895
389	4	NEAS	0.026501596
390	4	SEAS	0.028722222
391	4	NEAS	0
392	4	NEAS	0.039187664
393	4	SEAS	0.052681173
394	4	SEAS	0.147450911
395	4	NAM	0.02691604
396	4	LAM	0
397	4	NAM	0.064514909
398	4	NAM	0.048082836
399	4	NEAS	0
400	4	AFR	0.045269231
401	4	LAM	0
402	4	SEAS	0.043240331
403	4	SEAS	0.064935137
404	4	NAM	0.043357862
405	4	LAM	0.043469338
406	4	NEAS	0.057979381
407	4	LAM	0.345867021
408	4	AFR	0.044493519
409	4	NEAS	0.074897756
410	4	NEAS	0.091553241
411	4	LAM	0.093271539
412	4	NEAS	0.296590236
413	4	AFR	0.101895062
414	4	LAM	0.019369263
415	4	LAM	0.136827257
416	4	LAM	0.024841928
417	4	NEAS	0.013902707
418	4	NEAS	0.055485779
419	4	LAM	0.093989459
420	4	NEAS	0.195035129
421	4	NAM	0.04103596
422	4	AFR	0.140320135
423	4	NAM	0.008747935
424	4	LAM	0.04277292
425	4	AFR	0.177137963
426	4	LAM	0.021262963
427	4	NEAS	0.013600135
428	4	NEAS	0.311306206
429	4	SEAS	0.047265432
430	4	AFR	0.070056783
431	4	LAM	0.008200971
432	4	LAM	0.097417706
433	4	SEAS	0.185972965
434	4	NAM	0.085592869
435	4	AFR	0.046219753
436	4	AFR	0.006573467
437	4	NEAS	0
438	4	LAM	0.002127027
439	4	SEAS	0.01570216
440	4	NEAS	0.072438144
441	4	AFR	0.049917434
442	4	AFR	0.072133951
443	4	NAM	0.049564565
444	4	AFR	0.068873321
445	4	AFR	0.004949662
446	4	LAM	0.035732601
447	4	AFR	0.05819537
448	4	NEAS	0.090877092
449	4	NAM	0.04734281
450	4	AFR	0.024695639
451	4	NAM	0.046942063
452	4	SEAS	0.031147854
453	4	NEAS	0
454	4	NEAS	0.017274364
455	4	LAM	0.227626182
456	4	NEAS	0.184659329
457	4	LAM	0.012380952
458	4	AFR	0.03264238
459	4	NEAS	0.023198772
460	4	AFR	0.021423077
461	4	AFR	0.000234439
462	4	AFR	0.055625926
463	4	AFR	0.029410867
464	4	AFR	0.029476608
465	4	NAM	0.03305719
466	4	NEAS	0.001010216
467	4	SEAS	0.039596296
468	4	LAM	0.027443853
469	4	NAM	0
470	4	SEAS	0.057394383
471	4	AFR	0.033130631
472	4	NEAS	0.159935647
473	4	AFR	0.008125763
474	4	LAM	0.04335856
475	4	LAM	0
476	4	AUS	0.130387661
477	4	LAM	0.042993247
478	4	NEAS	0
479	4	LAM	0.039684676
480	4	AFR	0.001290598
481	4	NEAS	0.040968094
482	4	AFR	0.047404321
483	4	SEAS	0.116621914
484	4	NAM	0.196786629
485	4	LAM	0.041536728
486	4	NAM	0.03863749
487	4	NAM	0
488	4	NEAS	0.145921396
489	4	LAM	0.082076638
490	4	SEAS	0.125893617
491	4	NEAS	0.04436683
492	4	NEAS	0.24122549
493	4	EUR	0.01187464
494	4	NEAS	0.135424039
495	4	NAM	0
496	4	SEAS	0.124396296
497	4	SEAS	0.013479321
498	4	AFR	0.045421731
499	4	LAM	0.012728054
500	4	LAM	0.032963168
501	4	AUS	0.032261062
502	4	NEAS	0.148507424
503	4	AFR	0.000650706
504	4	AUS	0.212319182
505	4	AFR	0.024157204
506	4	NEAS	0
507	4	NEAS	0.094767007
508	4	LAM	0.010862963
509	4	SEAS	0.094984346
510	4	NAM	0.344634503
511	4	AFR	0.031711233
512	4	NAM	0
513	4	LAM	0.084765807
514	4	AFR	0.079713675
515	4	LAM	0.087258681
516	4	SEAS	0.037378086
517	4	LAM	0.041625
518	4	NAM	0.045664352
519	4	NAM	0.034732275
520	4	NAM	0.158289982
521	4	AFR	0.014273174
522	4	EUR	0.043896026
523	4	NAM	0.09807931
524	4	LAM	0.314852041
525	4	SEAS	0.05295308
526	4	SEAS	0.033879473
527	4	EUR	0.045365661
528	4	SEAS	0.048945365
529	4	NAM	0
530	4	LAM	0.042281081
531	4	NEAS	0.031979235
532	4	AFR	0.028339779
533	4	AFR	0.023701087
534	4	NAM	0.066951258
535	4	AFR	0.065758347
536	4	LAM	0.058315838
537	4	AFR	0.060092284
538	4	SEAS	0.090159259
539	4	SEAS	0.029196133
540	4	LAM	0.027804688
541	4	NEAS	0
542	4	AFR	0.047756341
543	4	NAM	0.038751695
544	4	NEAS	0.026400731
545	4	AFR	0.000669312
546	4	LAM	0.040527624
547	4	AFR	0.078289167
548	4	AFR	0.055422161
549	4	LAM	0.056212508
550	4	LAM	0.01471513
551	4	LAM	0.184284574
552	4	AFR	0.032367027
553	4	NAM	0.09959641
554	4	NEAS	0.048008355
555	4	NAM	0
556	4	NAM	0.053229091
557	4	LAM	0.04550147
558	4	AFR	0.074388278
559	4	SEAS	0.161496914
560	4	NEAS	0.000895685
561	4	NEAS	0.304098279
562	4	AFR	0.024731123
563	4	AFR	0.022338304
564	4	LAM	0.333011053
565	4	AFR	0.114040123
566	4	SEAS	0.043189506
567	4	LAM	0.051762329
568	4	AFR	0.014295988
569	4	AFR	0.012682845
570	4	SEAS	0.044318519
571	4	AFR	0.116918355
572	4	NEAS	0.035397039
573	4	SEAS	0.043014697
574	4	NAM	0.048853731
575	4	NAM	0.008349102
576	4	NEAS	0.061122316
577	4	NEAS	0.120023564
578	4	SEAS	0.06927201
579	4	LAM	0.011530247
580	4	SEAS	0.02675509
581	4	AFR	0.096428241
582	4	NAM	0
583	4	NAM	0.336854542
584	4	AFR	0.052262346
585	4	AFR	0.056791135
586	4	NAM	0.040063612
587	4	NEAS	0.170025998
588	4	SEAS	0.063958642
589	4	NAM	0
590	4	NEAS	0.31517541
591	4	LAM	0.053697531
592	4	NEAS	0
593	4	NAM	0.016609169
594	4	LAM	0.061924065
595	4	LAM	0.072967267
596	4	NAM	0.050178515
597	4	AUS	0.046073353
598	4	AFR	0.003629527
599	4	NEAS	0.123732488
600	4	AFR	0.053747084
